7.619 500
7.625 1000
7.527 1500
7.447 2000
7.485 2500
7.336 3000
7.302 3500
7.276 4000
7.189 4500
7.129 5000
7.065 5500
6.986 6000
6.814 6500
6.844 7000
6.74 7500
6.675 8000
6.577 8500
6.546 9000
6.501 9500
6.528 10000
6.471 10500
6.42 11000
6.266 11500
6.314 12000
6.274 12500
6.196 13000
6.195 13500
6.125 14000
6.046 14500
6.033 15000
6.07 15500
6.072 16000
5.995 16500
5.998 17000
5.938 17500
5.961 18000
5.918 18500
5.904 19000
5.804 19500
5.846 20000
5.812 20500
5.779 21000
5.76 21500
5.735 22000
5.711 22500
5.723 23000
5.658 23500
5.662 24000
5.644 24500
5.556 25000
5.54 25500
5.562 26000
5.474 26500
5.505 27000
5.564 27500
5.508 28000
5.498 28500
5.44 29000
5.408 29500
5.462 30000
5.469 30500
5.485 31000
5.466 31500
5.385 32000
5.329 32500
5.287 33000
5.359 33500
5.374 34000
5.334 34500
5.268 35000
5.278 35500
5.261 36000
5.287 36500
5.263 37000
5.232 37500
5.202 38000
5.206 38500
5.209 39000
5.163 39500
5.177 40000
5.15 40500
5.17 41000
5.155 41500
5.149 42000
5.117 42500
5.113 43000
5.126 43500
5.09 44000
5.086 44500
5.055 45000
5.031 45500
5.069 46000
5.018 46500
5.049 47000
5.021 47500
5.04 48000
5.01 48500
4.985 49000
4.96 49500
4.951 50000
4.975 50500
4.923 51000
4.956 51500
4.97 52000
4.963 52500
4.927 53000
4.942 53500
4.901 54000
4.901 54500
4.899 55000
4.932 55500
4.906 56000
4.875 56500
4.89 57000
4.846 57500
4.855 58000
4.844 58500
4.835 59000
4.857 59500
4.804 60000
4.837 60500
4.808 61000
4.83 61500
4.831 62000
4.788 62500
4.761 63000
4.793 63500
4.796 64000
4.767 64500
4.769 65000
4.775 65500
4.725 66000
4.774 66500
4.782 67000
4.767 67500
4.704 68000
4.752 68500
4.715 69000
4.705 69500
4.733 70000
4.745 70500
4.699 71000
4.738 71500
4.715 72000
4.721 72500
4.67 73000
4.709 73500
4.664 74000
4.707 74500
4.68 75000
4.623 75500
4.696 76000
4.649 76500
4.633 77000
4.698 77500
4.659 78000
4.686 78500
4.675 79000
4.654 79500
4.651 80000
4.678 80500
4.682 81000
4.618 81500
4.617 82000
4.61 82500
4.614 83000
4.616 83500
4.618 84000
4.623 84500
4.617 85000
4.619 85500
4.602 86000
4.578 86500
4.6 87000
4.659 87500
4.601 88000
4.6 88500
4.573 89000
4.589 89500
4.609 90000
4.621 90500
4.593 91000
4.563 91500
4.57 92000
4.506 92500
4.544 93000
4.559 93500
4.55 94000
4.573 94500
4.564 95000
4.4 95500
4.544 96000
4.528 96500
4.548 97000
4.528 97500
4.499 98000
4.578 98500
4.525 99000
4.501 99500
4.359 100000
4.334 100500
4.558 101000
4.456 101500
4.376 102000
4.449 102500
4.443 103000
4.492 103500
4.526 104000
4.496 104500
4.479 105000
4.476 105500
4.538 106000
4.516 106500
4.504 107000
4.507 107500
4.536 108000
4.521 108500
4.553 109000
4.533 109500
4.508 110000
4.501 110500
4.512 111000
4.493 111500
4.47 112000
4.387 112500
4.476 113000
4.478 113500
4.499 114000
4.477 114500
4.485 115000
4.468 115500
4.509 116000
4.482 116500
4.454 117000
4.525 117500
4.511 118000
4.473 118500
4.461 119000
4.495 119500
4.483 120000
4.435 120500
4.411 121000
4.327 121500
4.419 122000
4.439 122500
4.444 123000
4.464 123500
4.443 124000
4.325 124500
4.425 125000
4.417 125500
4.429 126000
4.471 126500
4.439 127000
4.455 127500
4.417 128000
4.395 128500
4.367 129000
4.444 129500
4.344 130000
4.41 130500
4.392 131000
4.435 131500
4.471 132000
4.476 132500
4.427 133000
4.411 133500
4.418 134000
4.445 134500
4.378 135000
4.396 135500
4.419 136000
4.418 136500
4.43 137000
4.347 137500
4.374 138000
4.385 138500
4.384 139000
4.403 139500
4.369 140000
4.305 140500
4.289 141000
4.346 141500
4.336 142000
4.365 142500
4.385 143000
4.354 143500
4.36 144000
4.389 144500
4.354 145000
4.394 145500
4.377 146000
4.373 146500
4.375 147000
4.331 147500
4.399 148000
4.38 148500
4.382 149000
4.377 149500
4.362 150000
4.381 150500
4.367 151000
4.4 151500
4.329 152000
4.301 152500
4.379 153000
4.397 153500
4.358 154000
4.347 154500
4.381 155000
4.384 155500
4.344 156000
4.379 156500
4.353 157000
4.381 157500
4.325 158000
4.368 158500
4.305 159000
4.374 159500
4.364 160000
4.374 160500
4.357 161000
4.341 161500
4.336 162000
4.332 162500
4.306 163000
4.334 163500
4.349 164000
4.348 164500
4.3 165000
4.28 165500
4.277 166000
4.369 166500
4.351 167000
4.346 167500
4.295 168000
4.355 168500
4.292 169000
4.361 169500
4.353 170000
4.332 170500
4.313 171000
4.334 171500
4.362 172000
4.323 172500
4.359 173000
4.349 173500
4.359 174000
4.353 174500
4.366 175000
4.315 175500
4.338 176000
4.33 176500
4.322 177000
4.316 177500
4.291 178000
4.287 178500
4.298 179000
4.329 179500
4.326 180000
4.363 180500
4.304 181000
4.272 181500
4.321 182000
4.294 182500
4.303 183000
4.314 183500
4.236 184000
4.314 184500
4.332 185000
4.322 185500
4.335 186000
4.295 186500
4.324 187000
4.293 187500
4.301 188000
4.339 188500
4.312 189000
4.279 189500
4.287 190000
4.266 190500
4.272 191000
4.306 191500
4.315 192000
4.272 192500
4.262 193000
4.306 193500
4.303 194000
4.309 194500
4.329 195000
4.269 195500
4.277 196000
4.301 196500
4.291 197000
4.289 197500
4.299 198000
4.271 198500
4.266 199000
4.286 199500
4.3 200000
4.263 200500
4.223 201000
4.242 201500
4.242 202000
4.288 202500
4.253 203000
4.302 203500
4.303 204000
4.308 204500
4.263 205000
4.298 205500
4.244 206000
4.274 206500
4.257 207000
4.284 207500
4.247 208000
4.231 208500
4.282 209000
4.266 209500
4.236 210000
4.296 210500
4.287 211000
4.295 211500
4.299 212000
4.285 212500
4.276 213000
4.315 213500
4.278 214000
4.29 214500
4.235 215000
4.256 215500
4.254 216000
4.255 216500
4.275 217000
4.265 217500
4.263 218000
4.27 218500
4.265 219000
4.234 219500
4.282 220000
4.315 220500
4.255 221000
4.285 221500
4.254 222000
4.27 222500
4.298 223000
4.282 223500
4.306 224000
4.232 224500
4.242 225000
4.176 225500
4.266 226000
4.233 226500
4.271 227000
4.265 227500
4.248 228000
4.111 228500
4.259 229000
4.244 229500
4.262 230000
4.214 230500
4.232 231000
4.303 231500
4.188 232000
4.149 232500
4.028 233000
4.053 233500
4.306 234000
4.135 234500
4.089 235000
4.127 235500
4.242 236000
4.179 236500
4.258 237000
4.231 237500
4.2 238000
4.223 238500
4.307 239000
4.227 239500
4.249 240000
4.285 240500
4.293 241000
4.285 241500
4.302 242000
4.273 242500
4.275 243000
4.254 243500
4.253 244000
4.24 244500
4.185 245000
4.167 245500
4.251 246000
4.239 246500
4.268 247000
4.243 247500
4.246 248000
4.229 248500
4.28 249000
4.246 249500
4.249 250000
4.304 250500
4.29 251000
4.213 251500
4.237 252000
4.268 252500
4.251 253000
4.176 253500
4.166 254000
4.142 254500
4.166 255000
4.246 255500
4.209 256000
4.243 256500
4.157 257000
4.125 257500
4.238 258000
4.199 258500
4.218 259000
4.263 259500
4.234 260000
4.245 260500
4.176 261000
4.218 261500
4.16 262000
4.152 262500
4.244 263000
4.159 263500
4.266 264000
4.245 264500
4.272 265000
4.259 265500
4.234 266000
4.228 266500
4.249 267000
4.228 267500
4.195 268000
4.231 268500
4.223 269000
4.242 269500
4.17 270000
4.195 270500
4.191 271000
4.182 271500
4.205 272000
4.241 272500
4.155 273000
4.139 273500
4.119 274000
4.166 274500
4.15 275000
4.215 275500
4.203 276000
4.173 276500
4.222 277000
4.197 277500
4.195 278000
4.2 278500
4.192 279000
4.23 279500
4.188 280000
4.182 280500
4.229 281000
4.221 281500
4.221 282000
4.213 282500
4.207 283000
4.208 283500
4.209 284000
4.235 284500
4.121 285000
4.181 285500
4.232 286000
4.198 286500
4.218 287000
4.209 287500
4.225 288000
4.217 288500
4.2 289000
4.216 289500
4.201 290000
4.227 290500
4.176 291000
4.228 291500
4.167 292000
4.242 292500
4.211 293000
4.217 293500
4.214 294000
4.192 294500
4.197 295000
4.183 295500
4.17 296000
4.183 296500
4.208 297000
4.178 297500
4.158 298000
4.126 298500
4.165 299000
4.217 299500
4.2 300000
4.198 300500
4.154 301000
4.2 301500
4.189 302000
4.189 302500
4.212 303000
4.183 303500
4.179 304000
4.199 304500
4.213 305000
4.199 305500
4.238 306000
4.192 306500
4.213 307000
4.208 307500
4.203 308000
4.216 308500
4.202 309000
4.197 309500
4.196 310000
4.17 310500
4.175 311000
4.163 311500
4.184 312000
4.196 312500
4.205 313000
4.226 313500
4.196 314000
4.143 314500
4.175 315000
4.142 315500
4.205 316000
4.139 316500
4.155 317000
4.192 317500
4.192 318000
4.21 318500
4.188 319000
4.183 319500
4.216 320000
4.146 320500
4.191 321000
4.22 321500
4.182 322000
4.165 322500
4.154 323000
4.138 323500
4.172 324000
4.207 324500
4.161 325000
4.155 325500
4.146 326000
4.205 326500
4.169 327000
4.198 327500
4.205 328000
4.145 328500
4.176 329000
4.189 329500
4.183 330000
4.173 330500
4.2 331000
4.137 331500
4.174 332000
4.156 332500
4.181 333000
4.115 333500
4.137 334000
4.15 334500
4.115 335000
4.212 335500
4.209 336000
4.106 336500
4.184 337000
4.192 337500
4.172 338000
4.151 338500
4.184 339000
4.155 339500
4.141 340000
4.175 340500
4.125 341000
4.142 341500
4.159 342000
4.158 342500
4.17 343000
4.175 343500
4.185 344000
4.19 344500
4.194 345000
4.178 345500
4.178 346000
4.212 346500
4.18 347000
4.173 347500
4.149 348000
4.131 348500
4.159 349000
4.159 349500
4.192 350000
4.176 350500
4.157 351000
4.169 351500
4.154 352000
4.161 352500
4.204 353000
4.192 353500
4.179 354000
4.159 354500
4.158 355000
4.177 355500
4.188 356000
4.196 356500
4.196 357000
4.155 357500
4.125 358000
4.097 358500
4.149 359000
4.159 359500
4.169 360000
4.181 360500
4.038 361000
4.162 361500
4.147 362000
4.172 362500
4.15 363000
4.141 363500
4.146 364000
4.185 364500
4.116 365000
3.976 365500
3.897 366000
4.099 366500
4.101 367000
4.064 367500
3.975 368000
4.061 368500
4.149 369000
4.1 369500
4.142 370000
4.147 370500
4.126 371000
4.148 371500
4.187 372000
4.163 372500
4.169 373000
4.189 373500
4.203 374000
4.212 374500
4.214 375000
4.167 375500
4.2 376000
4.184 376500
4.132 377000
4.142 377500
4.089 378000
4.114 378500
4.155 379000
4.168 379500
4.186 380000
4.154 380500
4.17 381000
4.147 381500
4.187 382000
4.145 382500
4.201 383000
4.2 383500
4.185 384000
4.133 384500
4.171 385000
4.169 385500
4.158 386000
4.072 386500
4.081 387000
4.098 387500
4.076 388000
4.14 388500
4.139 389000
4.153 389500
4.07 390000
4.031 390500
4.182 391000
4.094 391500
4.161 392000
4.182 392500
4.145 393000
4.177 393500
4.06 394000
4.144 394500
4.097 395000
4.068 395500
4.169 396000
4.094 396500
4.172 397000
4.182 397500
4.221 398000
4.156 398500
4.152 399000
4.174 399500
4.158 400000
4.148 400500
4.119 401000
4.165 401500
4.162 402000
4.148 402500
4.081 403000
4.111 403500
4.131 404000
4.101 404500
4.14 405000
4.16 405500
4.017 406000
4.111 406500
4.056 407000
4.074 407500
4.09 408000
4.162 408500
4.094 409000
4.117 409500
4.145 410000
4.106 410500
4.141 411000
4.135 411500
4.14 412000
4.133 412500
4.14 413000
4.131 413500
4.159 414000
4.136 414500
4.179 415000
4.123 415500
4.15 416000
4.138 416500
4.154 417000
4.143 417500
4.027 418000
4.149 418500
4.177 419000
4.11 419500
4.153 420000
4.123 420500
4.166 421000
4.143 421500
4.152 422000
4.15 422500
4.138 423000
4.136 423500
4.153 424000
4.14 424500
4.114 425000
4.172 425500
4.16 426000
4.153 426500
4.133 427000
4.131 427500
4.137 428000
4.086 428500
4.127 429000
4.135 429500
4.139 430000
4.089 430500
4.084 431000
4.054 431500
4.125 432000
4.145 432500
4.137 433000
4.132 433500
4.097 434000
4.136 434500
4.121 435000
4.144 435500
4.123 436000
4.123 436500
4.128 437000
4.153 437500
4.102 438000
4.148 438500
4.178 439000
4.147 439500
4.137 440000
4.154 440500
4.157 441000
4.138 441500
4.145 442000
4.127 442500
4.138 443000
4.094 443500
4.11 444000
4.124 444500
4.123 445000
4.145 445500
4.136 446000
4.158 446500
4.115 447000
4.088 447500
4.118 448000
4.106 448500
4.108 449000
4.046 449500
4.134 450000
4.136 450500
4.146 451000
4.15 451500
4.127 452000
4.121 452500
4.132 453000
4.11 453500
4.155 454000
4.149 454500
4.111 455000
4.11 455500
4.09 456000
4.088 456500
4.136 457000
4.121 457500
4.105 458000
4.069 458500
4.129 459000
4.132 459500
4.123 460000
4.151 460500
4.131 461000
4.087 461500
4.134 462000
4.138 462500
4.131 463000
4.119 463500
4.134 464000
4.071 464500
4.116 465000
4.116 465500
4.115 466000
4.017 466500
4.126 467000
4.069 467500
4.083 468000
4.145 468500
4.161 469000
4.045 469500
4.138 470000
4.11 470500
4.131 471000
4.09 471500
4.128 472000
4.094 472500
4.108 473000
4.1 473500
4.056 474000
4.115 474500
4.111 475000
4.101 475500
4.125 476000
4.124 476500
4.132 477000
4.147 477500
4.139 478000
4.113 478500
4.138 479000
4.163 479500
4.111 480000
4.115 480500
4.095 481000
4.082 481500
4.114 482000
4.123 482500
4.138 483000
4.112 483500
4.117 484000
4.109 484500
4.092 485000
4.121 485500
4.178 486000
4.122 486500
4.126 487000
4.108 487500
4.119 488000
4.129 488500
4.152 489000
4.141 489500
4.114 490000
4.111 490500
4.061 491000
4.067 491500
4.111 492000
4.096 492500
4.123 493000
4.126 493500
4.009 494000
4.119 494500
4.095 495000
4.115 495500
4.096 496000
4.089 496500
4.127 497000
4.119 497500
4.057 498000
3.819 498500
3.87 499000
4.122 499500
4.022 500000
3.927 500500
4.006 501000
4.016 501500
4.049 502000
4.11 502500
4.092 503000
4.088 503500
4.082 504000
4.131 504500
4.115 505000
4.123 505500
4.142 506000
4.151 506500
4.144 507000
4.164 507500
4.163 508000
4.15 508500
4.127 509000
4.12 509500
4.099 510000
4.084 510500
4.003 511000
4.115 511500
4.105 512000
4.143 512500
4.117 513000
4.104 513500
4.088 514000
4.137 514500
4.139 515000
4.093 515500
4.161 516000
4.156 516500
4.124 517000
4.099 517500
4.114 518000
4.13 518500
4.087 519000
4.034 519500
4.001 520000
4.065 520500
4.046 521000
4.096 521500
4.101 522000
4.096 522500
3.963 523000
4.056 523500
4.083 524000
4.066 524500
4.139 525000
4.12 525500
4.111 526000
4.071 526500
4.057 527000
4.05 527500
4.112 528000
4.009 528500
4.126 529000
4.058 529500
4.13 530000
4.145 530500
4.16 531000
4.115 531500
4.114 532000
4.116 532500
4.134 533000
4.07 533500
4.093 534000
4.12 534500
4.121 535000
4.107 535500
4.018 536000
4.072 536500
4.088 537000
4.078 537500
4.096 538000
4.084 538500
3.977 539000
4.016 539500
4.06 540000
4.037 540500
4.059 541000
4.112 541500
4.06 542000
4.088 542500
4.107 543000
4.067 543500
4.11 544000
4.077 544500
4.105 545000
4.083 545500
4.089 546000
4.096 546500
4.11 547000
4.098 547500
4.128 548000
4.088 548500
4.1 549000
4.118 549500
4.118 550000
4.05 550500
4.011 551000
4.12 551500
4.137 552000
4.077 552500
4.094 553000
4.109 553500
4.128 554000
4.097 554500
4.109 555000
4.117 555500
4.109 556000
4.089 556500
4.114 557000
4.064 557500
4.111 558000
4.125 558500
4.121 559000
4.117 559500
4.087 560000
4.085 560500
4.102 561000
4.04 561500
4.085 562000
4.1 562500
4.094 563000
4.051 563500
4.021 564000
4.027 564500
4.107 565000
4.107 565500
4.102 566000
4.065 566500
4.081 567000
4.068 567500
4.104 568000
4.104 568500
4.086 569000
4.074 569500
4.097 570000
4.12 570500
4.047 571000
4.119 571500
4.121 572000
4.108 572500
4.112 573000
4.122 573500
4.101 574000
4.111 574500
4.097 575000
4.099 575500
4.09 576000
4.068 576500
4.074 577000
4.075 577500
4.093 578000
4.111 578500
4.129 579000
4.081 579500
4.066 580000
4.061 580500
4.073 581000
4.093 581500
4.065 582000
3.997 582500
4.106 583000
4.102 583500
4.109 584000
4.102 584500
4.081 585000
4.108 585500
4.077 586000
4.101 586500
4.126 587000
4.103 587500
4.061 588000
4.067 588500
4.045 589000
4.067 589500
4.095 590000
4.101 590500
4.053 591000
4.04 591500
4.092 592000
4.095 592500
4.102 593000
4.113 593500
4.06 594000
4.078 594500
4.095 595000
4.1 595500
4.091 596000
4.088 596500
4.061 597000
4.057 597500
4.08 598000
4.094 598500
4.057 599000
3.999 599500
4.064 600000
4.022 600500
4.084 601000
4.075 601500
4.066 602000
4.087 602500
4.099 603000
4.064 603500
4.111 604000
4.05 604500
4.079 605000
4.06 605500
4.098 606000
4.043 606500
4.004 607000
4.087 607500
4.086 608000
4.05 608500
4.102 609000
4.098 609500
4.102 610000
4.102 610500
4.097 611000
4.086 611500
4.126 612000
4.112 612500
4.077 613000
4.065 613500
4.057 614000
4.059 614500
4.082 615000
4.1 615500
4.093 616000
4.074 616500
4.095 617000
4.081 617500
4.049 618000
4.092 618500
4.147 619000
4.076 619500
4.107 620000
4.074 620500
4.085 621000
4.105 621500
4.117 622000
4.105 622500
4.058 623000
4.071 623500
4.001 624000
4.085 624500
4.066 625000
4.077 625500
4.092 626000
4.093 626500
3.965 627000
4.079 627500
4.078 628000
4.083 628500
4.05 629000
4.049 629500
4.136 630000
4.033 630500
3.975 631000
3.82 631500
3.812 632000
4.111 632500
3.984 633000
3.89 633500
3.971 634000
4.026 634500
4.007 635000
4.099 635500
4.048 636000
4.044 636500
4.056 637000
4.139 637500
4.046 638000
4.087 638500
4.13 639000
4.129 639500
4.109 640000
4.144 640500
4.12 641000
4.117 641500
4.088 642000
4.089 642500
4.068 643000
4.023 643500
3.996 644000
4.08 644500
4.069 645000
4.112 645500
4.085 646000
4.072 646500
4.067 647000
4.121 647500
4.076 648000
4.07 648500
4.143 649000
4.128 649500
4.066 650000
4.06 650500
4.109 651000
4.085 651500
4.027 652000
3.996 652500
3.938 653000
3.992 653500
4.105 654000
4.039 654500
4.094 655000
4.002 655500
3.929 656000
4.076 656500
4.043 657000
4.059 657500
4.107 658000
4.065 658500
4.095 659000
4.043 659500
4.045 660000
3.999 660500
3.99 661000
4.099 661500
4.009 662000
4.11 662500
4.092 663000
4.127 663500
4.116 664000
4.097 664500
4.085 665000
4.083 665500
4.076 666000
4.058 666500
4.075 667000
4.079 667500
4.098 668000
4.062 668500
3.997 669000
4.032 669500
4.067 670000
4.062 670500
4.074 671000
4.012 671500
3.974 672000
3.96 672500
4.035 673000
3.995 673500
4.067 674000
4.051 674500
4.063 675000
4.054 675500
4.074 676000
4.045 676500
4.057 677000
4.065 677500
4.07 678000
4.052 678500
4.036 679000
4.105 679500
4.071 680000
4.089 680500
4.082 681000
4.078 681500
4.067 682000
4.069 682500
4.095 683000
3.983 683500
4.021 684000
4.095 684500
4.061 685000
4.091 685500
4.069 686000
4.106 686500
4.085 687000
4.074 687500
4.076 688000
4.082 688500
4.093 689000
4.064 689500
4.088 690000
4.032 690500
4.102 691000
4.081 691500
4.095 692000
4.095 692500
4.057 693000
4.068 693500
4.065 694000
4.026 694500
4.046 695000
4.063 695500
4.052 696000
4.007 696500
3.985 697000
4.025 697500
4.089 698000
4.074 698500
4.069 699000
4.012 699500
4.072 700000
4.055 700500
4.048 701000
4.081 701500
4.062 702000
4.045 702500
4.068 703000
4.074 703500
4.046 704000
4.093 704500
4.068 705000
4.087 705500
4.09 706000
4.083 706500
4.081 707000
4.074 707500
4.07 708000
4.072 708500
4.049 709000
4.05 709500
4.045 710000
4.07 710500
4.067 711000
4.084 711500
4.1 712000
4.065 712500
3.999 713000
4.037 713500
4.041 714000
4.064 714500
4.038 715000
3.99 715500
4.073 716000
4.076 716500
4.074 717000
4.076 717500
4.059 718000
4.092 718500
4.036 719000
4.078 719500
4.095 720000
4.07 720500
4.029 721000
4.052 721500
3.997 722000
4.052 722500
4.08 723000
4.052 723500
4.018 724000
4.032 724500
4.082 725000
4.05 725500
4.074 726000
4.092 726500
4.034 727000
4.05 727500
4.066 728000
4.076 728500
4.061 729000
4.07 729500
4.003 730000
4.06 730500
4.041 731000
4.065 731500
4.03 732000
3.985 732500
4.03 733000
4.004 733500
4.082 734000
4.044 734500
4.01 735000
4.072 735500
4.078 736000
4.044 736500
4.047 737000
4.068 737500
4.051 738000
4.025 738500
4.057 739000
4.015 739500
4.002 740000
4.076 740500
4.059 741000
4.029 741500
4.062 742000
4.077 742500
4.069 743000
4.083 743500
4.069 744000
4.071 744500
4.103 745000
4.069 745500
4.068 746000
4.038 746500
4.011 747000
4.058 747500
4.062 748000
4.082 748500
4.064 749000
4.058 749500
4.063 750000
4.063 750500
4.024 751000
4.088 751500
4.098 752000
4.081 752500
4.056 753000
4.04 753500
4.081 754000
4.071 754500
4.095 755000
4.088 755500
4.042 756000
4.031 756500
3.98 757000
4.041 757500
4.049 758000
4.07 758500
4.067 759000
3.954 759500
4.048 760000
4.061 760500
4.063 761000
4.05 761500
4.029 762000
4.046 762500
4.08 763000
4.001 763500
3.876 764000
3.797 764500
3.861 765000
4.083 765500
3.93 766000
3.849 766500
3.958 767000
4.057 767500
3.975 768000
4.054 768500
4.04 769000
4.018 769500
4.047 770000
4.08 770500
4.047 771000
4.078 771500
4.093 772000
4.106 772500
4.11 773000
4.106 773500
4.084 774000
4.094 774500
4.071 775000
4.057 775500
4.036 776000
3.974 776500
4.005 777000
4.058 777500
4.065 778000
4.082 778500
4.048 779000
4.062 779500
4.046 780000
4.094 780500
4.028 781000
4.077 781500
4.122 782000
4.093 782500
4.033 783000
4.06 783500
4.063 784000
4.054 784500
3.962 785000
3.976 785500
3.966 786000
3.959 786500
4.054 787000
4.042 787500
4.052 788000
3.966 788500
3.918 789000
4.081 789500
4.003 790000
4.05 790500
4.082 791000
4.037 791500
4.086 792000
3.969 792500
4.052 793000
3.993 793500
3.955 794000
4.079 794500
3.988 795000
4.085 795500
4.075 796000
4.117 796500
4.071 797000
4.065 797500
4.076 798000
4.068 798500
4.049 799000
4.029 799500
4.062 800000
4.07 800500
4.06 801000
3.974 801500
4.025 802000
4.033 802500
4.006 803000
4.046 803500
4.061 804000
3.934 804500
4.005 805000
3.966 805500
4.0 806000
3.977 806500
4.064 807000
4.017 807500
4.031 808000
4.062 808500
4.01 809000
4.067 809500
4.027 810000
4.037 810500
4.057 811000
4.046 811500
4.02 812000
4.057 812500
4.062 813000
4.083 813500
4.041 814000
4.057 814500
4.046 815000
4.049 815500
4.065 816000
3.911 816500
4.063 817000
4.077 817500
4.029 818000
4.072 818500
4.052 819000
4.074 819500
4.061 820000
4.056 820500
4.058 821000
4.064 821500
4.07 822000
4.041 822500
4.069 823000
4.024 823500
4.079 824000
4.074 824500
4.063 825000
4.054 825500
4.036 826000
4.067 826500
4.014 827000
4.016 827500
4.034 828000
4.052 828500
4.011 829000
3.974 829500
3.965 830000
4.028 830500
4.059 831000
4.061 831500
4.043 832000
3.997 832500
4.053 833000
4.046 833500
4.016 834000
4.057 834500
4.034 835000
4.037 835500
4.057 836000
4.001 836500
4.056 837000
4.093 837500
4.047 838000
4.051 838500
4.072 839000
4.062 839500
4.062 840000
4.047 840500
4.043 841000
4.055 841500
4.015 842000
4.034 842500
4.03 843000
4.046 843500
4.059 844000
4.051 844500
4.073 845000
4.04 845500
3.984 846000
4.029 846500
4.015 847000
4.035 847500
3.956 848000
4.056 848500
4.043 849000
4.057 849500
4.081 850000
4.038 850500
4.043 851000
4.081 851500
4.01 852000
4.07 852500
4.068 853000
4.031 853500
4.034 854000
4.001 854500
3.971 855000
4.054 855500
4.05 856000
4.028 856500
3.971 857000
4.052 857500
4.056 858000
4.048 858500
4.064 859000
4.052 859500
4.004 860000
4.035 860500
4.075 861000
4.051 861500
4.036 862000
4.051 862500
3.983 863000
4.046 863500
4.029 864000
4.04 864500
3.928 865000
4.035 865500
3.984 866000
4.02 866500
4.065 867000
4.071 867500
3.949 868000
4.049 868500
4.038 869000
4.053 869500
4.016 870000
4.053 870500
4.012 871000
4.025 871500
4.024 872000
3.973 872500
4.011 873000
4.038 873500
4.026 874000
4.039 874500
4.049 875000
4.055 875500
4.065 876000
4.047 876500
4.047 877000
4.056 877500
4.083 878000
4.05 878500
4.031 879000
4.019 879500
4.0 880000
4.037 880500
4.054 881000
4.051 881500
4.049 882000
4.035 882500
4.044 883000
4.02 883500
4.046 884000
4.091 884500
4.045 885000
4.059 885500
4.028 886000
4.044 886500
4.047 887000
4.065 887500
4.068 888000
4.055 888500
4.033 889000
3.994 889500
3.977 890000
4.04 890500
4.012 891000
4.049 891500
4.055 892000
3.933 892500
4.044 893000
4.033 893500
4.047 894000
4.025 894500
4.021 895000
4.038 895500
4.052 896000
3.993 896500
3.747 897000
3.771 897500
4.01 898000
3.97 898500
3.85 899000
3.914 899500
3.939 900000
4.011 900500
4.012 901000
4.017 901500
4.026 902000
4.006 902500
4.046 903000
4.019 903500
4.058 904000
4.076 904500
4.071 905000
4.076 905500
4.103 906000
4.092 906500
4.062 907000
4.083 907500
4.05 908000
4.03 908500
4.001 909000
3.925 909500
4.042 910000
4.036 910500
4.06 911000
4.05 911500
4.023 912000
4.012 912500
4.063 913000
4.073 913500
4.012 914000
4.091 914500
4.071 915000
4.064 915500
4.012 916000
4.046 916500
4.054 917000
4.017 917500
3.939 918000
3.938 918500
3.976 919000
3.954 919500
4.024 920000
4.03 920500
4.019 921000
3.892 921500
3.969 922000
4.032 922500
3.985 923000
4.062 923500
4.048 924000
4.035 924500
4.053 925000
3.944 925500
3.985 926000
4.023 926500
3.933 927000
4.073 927500
3.979 928000
4.06 928500
4.068 929000
4.109 929500
4.039 930000
4.07 930500
4.049 931000
4.065 931500
3.994 932000
4.024 932500
4.058 933000
4.049 933500
4.039 934000
3.948 934500
4.012 935000
4.011 935500
3.999 936000
4.029 936500
4.03 937000
3.92 937500
3.982 938000
3.929 938500
3.98 939000
3.997 939500
4.054 940000
3.999 940500
4.014 941000
4.041 941500
3.995 942000
4.033 942500
4.017 943000
4.031 943500
4.021 944000
4.04 944500
4.02 945000
4.036 945500
4.029 946000
4.06 946500
4.021 947000
4.044 947500
4.04 948000
4.048 948500
3.999 949000
3.909 949500
4.044 950000
4.076 950500
4.0 951000
4.049 951500
4.034 952000
4.069 952500
4.046 953000
4.042 953500
4.064 954000
4.042 954500
4.03 955000
4.057 955500
4.006 956000
4.035 956500
4.053 957000
4.065 957500
4.06 958000
4.034 958500
4.02 959000
4.042 959500
3.968 960000
4.027 960500
4.021 961000
4.034 961500
3.977 962000
3.956 962500
3.941 963000
4.037 963500
4.046 964000
4.035 964500
4.017 965000
3.992 965500
4.014 966000
4.025 966500
4.036 967000
4.03 967500
4.01 968000
4.022 968500
4.045 969000
3.969 969500
4.049 970000
4.051 970500
4.061 971000
4.029 971500
4.055 972000
4.042 972500
4.043 973000
4.029 973500
4.033 974000
4.03 974500
4.011 975000
4.015 975500
4.015 976000
4.029 976500
4.054 977000
4.065 977500
4.025 978000
4.004 978500
3.991 979000
4.003 979500
4.019 980000
4.013 980500
3.933 981000
4.037 981500
4.035 982000
4.044 982500
4.039 983000
4.035 983500
4.028 984000
4.025 984500
4.035 985000
4.069 985500
4.055 986000
3.986 986500
4.017 987000
3.961 987500
3.994 988000
4.044 988500
4.026 989000
3.99 989500
3.974 990000
4.032 990500
4.029 991000
4.046 991500
4.053 992000
4.015 992500
4.003 993000
4.029 993500
4.051 994000
4.032 994500
4.021 995000
4.006 995500
3.987 996000
4.02 996500
4.039 997000
3.997 997500
3.924 998000
4.011 998500
3.964 999000
4.024 999500
4.019 1000000
4.001 1000500
4.003 1001000
4.048 1001500
4.011 1002000
4.055 1002500
3.998 1003000
4.017 1003500
4.004 1004000
4.051 1004500
3.967 1005000
3.924 1005500
4.038 1006000
4.017 1006500
4.003 1007000
4.043 1007500
4.039 1008000
4.038 1008500
4.048 1009000
4.035 1009500
4.022 1010000
4.062 1010500
4.067 1011000
4.018 1011500
4.015 1012000
3.994 1012500
3.993 1013000
4.032 1013500
4.042 1014000
4.049 1014500
4.015 1015000
4.025 1015500
4.037 1016000
3.99 1016500
4.038 1017000
4.071 1017500
4.037 1018000
4.045 1018500
4.017 1019000
4.022 1019500
4.045 1020000
4.064 1020500
4.048 1021000
4.011 1021500
4.025 1022000
3.946 1022500
4.001 1023000
4.01 1023500
4.011 1024000
4.036 1024500
4.046 1025000
3.928 1025500
4.024 1026000
4.022 1026500
4.026 1027000
3.998 1027500
3.986 1028000
4.082 1028500
3.987 1029000
3.931 1029500
3.751 1030000
3.737 1030500
4.033 1031000
3.938 1031500
3.83 1032000
3.904 1032500
3.963 1033000
3.953 1033500
4.05 1034000
3.993 1034500
4.014 1035000
3.998 1035500
4.077 1036000
3.976 1036500
4.041 1037000
4.063 1037500
4.072 1038000
4.06 1038500
4.092 1039000
4.078 1039500
4.06 1040000
4.035 1040500
4.039 1041000
4.012 1041500
3.974 1042000
3.913 1042500
4.042 1043000
4.008 1043500
4.061 1044000
4.025 1044500
4.017 1045000
4.007 1045500
4.063 1046000
4.015 1046500
4.013 1047000
4.087 1047500
4.07 1048000
4.025 1048500
4.0 1049000
4.044 1049500
4.024 1050000
3.977 1050500
3.92 1051000
3.892 1051500
3.941 1052000
4.014 1052500
3.993 1053000
4.029 1053500
3.984 1054000
3.864 1054500
3.986 1055000
3.985 1055500
3.998 1056000
4.061 1056500
4.002 1057000
4.045 1057500
4.004 1058000
3.981 1058500
3.939 1059000
3.985 1059500
3.997 1060000
4.007 1060500
4.002 1061000
4.042 1061500
4.073 1062000
4.072 1062500
4.039 1063000
4.039 1063500
4.026 1064000
4.036 1064500
3.997 1065000
4.016 1065500
4.031 1066000
4.041 1066500
4.022 1067000
3.939 1067500
3.986 1068000
4.007 1068500
3.998 1069000
4.029 1069500
3.972 1070000
3.912 1070500
3.917 1071000
3.996 1071500
3.955 1072000
4.0 1072500
4.017 1073000
4.005 1073500
3.999 1074000
4.037 1074500
3.981 1075000
4.014 1075500
4.007 1076000
4.013 1076500
4.018 1077000
3.978 1077500
4.049 1078000
4.023 1078500
4.037 1079000
4.029 1079500
4.024 1080000
4.016 1080500
4.017 1081000
4.045 1081500
3.936 1082000
3.923 1082500
4.043 1083000
4.064 1083500
3.992 1084000
4.015 1084500
4.055 1085000
4.039 1085500
4.022 1086000
4.028 1086500
4.042 1087000
4.044 1087500
4.02 1088000
4.038 1088500
3.991 1089000
4.038 1089500
4.039 1090000
4.049 1090500
4.041 1091000
4.007 1091500
4.025 1092000
4.017 1092500
3.957 1093000
4.013 1093500
3.998 1094000
4.014 1094500
3.94 1095000
3.929 1095500
3.974 1096000
4.035 1096500
4.026 1097000
4.017 1097500
3.96 1098000
4.02 1098500
3.998 1099000
4.011 1099500
4.018 1100000
4.016 1100500
3.992 1101000
4.019 1101500
4.028 1102000
3.962 1102500
4.038 1103000
4.032 1103500
4.033 1104000
4.039 1104500
4.047 1105000
4.025 1105500
4.033 1106000
4.007 1106500
4.026 1107000
4.015 1107500
3.995 1108000
4.003 1108500
4.005 1109000
4.028 1109500
4.031 1110000
4.062 1110500
3.999 1111000
3.95 1111500
4.01 1112000
3.987 1112500
4.007 1113000
4.016 1113500
3.909 1114000
4.027 1114500
4.027 1115000
4.029 1115500
4.043 1116000
4.005 1116500
4.038 1117000
4.008 1117500
4.027 1118000
4.044 1118500
4.035 1119000
3.984 1119500
4.003 1120000
3.941 1120500
3.989 1121000
4.027 1121500
4.01 1122000
3.977 1122500
3.972 1123000
4.026 1123500
4.015 1124000
4.029 1124500
4.038 1125000
3.998 1125500
3.996 1126000
4.023 1126500
4.026 1127000
4.023 1127500
4.019 1128000
3.963 1128500
4.015 1129000
4.006 1129500
4.015 1130000
3.989 1130500
3.921 1131000
3.982 1131500
3.967 1132000
4.03 1132500
3.986 1133000
3.957 1133500
4.033 1134000
4.029 1134500
4.006 1135000
4.013 1135500
4.016 1136000
3.997 1136500
3.985 1137000
4.027 1137500
3.951 1138000
3.929 1138500
4.029 1139000
4.005 1139500
3.979 1140000
4.031 1140500
4.024 1141000
4.025 1141500
4.028 1142000
4.021 1142500
4.021 1143000
4.067 1143500
4.026 1144000
4.027 1144500
3.991 1145000
3.981 1145500
3.998 1146000
4.018 1146500
4.038 1147000
4.011 1147500
4.014 1148000
4.013 1148500
4.023 1149000
3.98 1149500
4.029 1150000
4.054 1150500
4.024 1151000
4.03 1151500
4.008 1152000
4.021 1152500
4.032 1153000
4.047 1153500
4.051 1154000
3.994 1154500
4.0 1155000
3.904 1155500
4.019 1156000
3.998 1156500
4.015 1157000
4.022 1157500
3.988 1158000
3.942 1158500
4.021 1159000
4.006 1159500
4.019 1160000
3.981 1160500
3.992 1161000
4.055 1161500
3.945 1162000
3.874 1162500
3.724 1163000
3.792 1163500
4.066 1164000
3.866 1164500
3.852 1165000
3.873 1165500
4.023 1166000
3.928 1166500
4.02 1167000
4.01 1167500
3.985 1168000
3.996 1168500
4.05 1169000
3.966 1169500
4.049 1170000
4.05 1170500
4.071 1171000
4.057 1171500
4.067 1172000
4.052 1172500
4.052 1173000
4.023 1173500
4.026 1174000
4.0 1174500
3.914 1175000
3.939 1175500
4.03 1176000
4.001 1176500
4.052 1177000
4.002 1177500
4.004 1178000
4.009 1178500
4.051 1179000
3.99 1179500
4.018 1180000
4.073 1180500
4.06 1181000
3.995 1181500
4.0 1182000
4.027 1182500
4.007 1183000
3.914 1183500
3.918 1184000
3.892 1184500
3.912 1185000
4.022 1185500
3.984 1186000
4.025 1186500
3.91 1187000
3.867 1187500
4.029 1188000
3.973 1188500
3.995 1189000
4.038 1189500
4.001 1190000
4.047 1190500
3.935 1191000
4.0 1191500
3.951 1192000
3.898 1192500
4.05 1193000
3.934 1193500
4.052 1194000
4.027 1194500
4.071 1195000
4.042 1195500
4.021 1196000
4.036 1196500
4.023 1197000
3.997 1197500
3.999 1198000
4.011 1198500
4.027 1199000
4.027 1199500
3.938 1200000
3.975 1200500
3.985 1201000
3.961 1201500
4.001 1202000
4.018 1202500
3.941 1203000
3.935 1203500
3.923 1204000
3.947 1204500
3.943 1205000
4.013 1205500
3.991 1206000
3.991 1206500
4.018 1207000
3.998 1207500
3.991 1208000
3.984 1208500
3.991 1209000
4.021 1209500
4.007 1210000
3.984 1210500
4.018 1211000
4.023 1211500
4.026 1212000
4.02 1212500
4.013 1213000
4.0 1213500
4.014 1214000
4.023 1214500
3.873 1215000
3.997 1215500
4.036 1216000
3.986 1216500
4.036 1217000
4.019 1217500
4.037 1218000
4.026 1218500
4.016 1219000
4.019 1219500
4.027 1220000
4.042 1220500
4.005 1221000
4.033 1221500
3.981 1222000
4.041 1222500
4.031 1223000
4.022 1223500
4.031 1224000
3.999 1224500
4.012 1225000
3.995 1225500
3.969 1226000
3.986 1226500
3.998 1227000
3.985 1227500
3.929 1228000
3.907 1228500
3.978 1229000
4.011 1229500
4.026 1230000
3.994 1230500
3.958 1231000
4.002 1231500
4.012 1232000
3.97 1232500
4.026 1233000
3.99 1233500
3.997 1234000
4.002 1234500
3.966 1235000
4.016 1235500
4.043 1236000
4.011 1236500
4.021 1237000
4.022 1237500
4.027 1238000
4.027 1238500
4.007 1239000
4.01 1239500
4.011 1240000
3.989 1240500
4.0 1241000
3.987 1241500
3.997 1242000
4.022 1242500
4.024 1243000
4.035 1243500
4.02 1244000
3.923 1244500
3.984 1245000
3.966 1245500
4.009 1246000
3.923 1246500
3.995 1247000
4.009 1247500
4.011 1248000
4.044 1248500
3.994 1249000
4.018 1249500
4.041 1250000
3.978 1250500
4.03 1251000
4.042 1251500
4.004 1252000
3.98 1252500
3.973 1253000
3.915 1253500
4.015 1254000
4.013 1254500
3.986 1255000
3.94 1255500
3.995 1256000
4.018 1256500
4.018 1257000
4.012 1257500
4.027 1258000
3.968 1258500
3.992 1259000
4.03 1259500
4.01 1260000
4.002 1260500
4.018 1261000
3.939 1261500
4.017 1262000
3.98 1262500
4.003 1263000
3.919 1263500
3.96 1264000
3.971 1264500
3.971 1265000
4.033 1265500
4.007 1266000
3.909 1266500
4.008 1267000
4.024 1267500
4.014 1268000
3.982 1268500
4.02 1269000
3.977 1269500
3.988 1270000
3.979 1270500
3.95 1271000
3.962 1271500
4.006 1272000
3.993 1272500
3.994 1273000
4.014 1273500
4.015 1274000
4.012 1274500
4.022 1275000
4.014 1275500
4.013 1276000
4.055 1276500
4.022 1277000
4.001 1277500
3.995 1278000
3.945 1278500
4.005 1279000
4.015 1279500
4.028 1280000
4.013 1280500
3.996 1281000
4.009 1281500
3.986 1282000
4.007 1282500
4.035 1283000
4.022 1283500
4.026 1284000
3.998 1284500
4.005 1285000
4.012 1285500
4.027 1286000
4.041 1286500
4.031 1287000
3.988 1287500
3.972 1288000
3.922 1288500
4.004 1289000
3.987 1289500
4.016 1290000
4.031 1290500
3.901 1291000
4.014 1291500
3.997 1292000
4.015 1292500
3.996 1293000
3.982 1293500
3.997 1294000
4.029 1294500
3.94 1295000
3.761 1295500
3.744 1296000
3.936 1296500
3.922 1297000
3.877 1297500
3.838 1298000
3.908 1298500
3.963 1299000
3.966 1299500
4.001 1300000
3.996 1300500
3.982 1301000
4.008 1301500
3.993 1302000
4.0 1302500
4.039 1303000
4.043 1303500
4.05 1304000
4.056 1304500
4.057 1305000
4.03 1305500
4.054 1306000
4.029 1306500
3.985 1307000
3.961 1307500
3.908 1308000
3.974 1308500
4.01 1309000
4.013 1309500
4.03 1310000
3.979 1310500
4.005 1311000
4.004 1311500
4.036 1312000
3.971 1312500
4.045 1313000
4.046 1313500
4.031 1314000
3.984 1314500
4.01 1315000
4.012 1315500
3.989 1316000
3.881 1316500
3.9 1317000
3.908 1317500
3.913 1318000
4.01 1318500
3.988 1319000
3.97 1319500
3.919 1320000
3.876 1320500
4.023 1321000
3.948 1321500
4.009 1322000
4.02 1322500
3.998 1323000
4.04 1323500
3.904 1324000
3.96 1324500
3.975 1325000
3.909 1325500
4.045 1326000
3.935 1326500
4.019 1327000
4.042 1327500
4.072 1328000
4.009 1328500
